1 2
1 4
1 5
1 6
1 7
1 8
1 9
1 10
1 11
1 12
1 13
1 14
1 16
1 17
1 18
1 19
1 20
1 21
1 22
1 25
1 26
1 27
1 28
1 29
1 30
1 32
1 33
1 34
1 35
1 36
1 37
1 39
1 40
1 41
1 43
1 44
1 45
1 46
1 47
1 48
1 49
1 50
1 51
1 52
1 54
1 55
1 56
1 59
1 60
1 61
1 66
1 67
1 69
1 70
1 71
1 72
1 73
1 74
1 75
1 76
1 77
1 79
1 81
1 82
1 84
1 85
1 86
1 88
1 89
1 91
1 92
1 93
1 94
1 95
1 98
1 99
1 101
1 102
1 103
1 105
1 106
1 107
1 108
1 109
1 111
1 114
1 115
1 118
1 119
1 120
1 122
1 124
1 126
1 127
1 128
1 129
1 130
1 131
1 133
1 134
1 135
1 136
1 137
1 140
1 141
1 142
1 144
1 147
1 148
1 150
1 152
2 3
2 4
2 6
2 8
2 10
2 12
2 13
2 14
2 16
2 17
2 18
2 19
2 20
2 21
2 23
2 24
2 26
2 29
2 30
2 31
2 33
2 34
2 35
2 36
2 37
2 39
2 40
2 42
2 43
2 50
2 51
2 52
2 55
2 57
2 59
2 61
2 65
2 66
2 68
2 69
2 70
2 74
2 80
2 82
2 86
2 87
2 88
2 94
2 95
2 97
2 100
2 103
2 104
2 105
2 106
2 108
2 111
2 112
2 115
2 119
2 120
2 121
2 122
2 124
2 125
2 126
2 127
2 128
2 129
2 130
2 131
2 136
2 137
2 139
2 140
2 141
2 142
2 143
2 152
3 4
3 5
3 6
3 7
3 8
3 9
3 10
3 13
3 14
3 15
3 16
3 17
3 18
3 19
3 20
3 21
3 22
3 23
3 24
3 25
3 26
3 27
3 28
3 29
3 30
3 32
3 33
3 34
3 35
3 36
3 37
3 39
3 40
3 43
3 44
3 45
3 48
3 49
3 50
3 51
3 52
3 56
3 57
3 58
3 59
3 60
3 61
3 63
3 64
3 65
3 67
3 69
3 70
3 71
3 72
3 78
3 79
3 80
3 82
3 84
3 85
3 86
3 87
3 90
3 91
3 92
3 93
3 94
3 96
3 99
3 100
3 101
3 103
3 104
3 105
3 106
3 110
3 111
3 112
3 114
3 115
3 119
3 120
3 121
3 122
3 125
3 126
3 127
3 128
3 130
3 131
3 133
3 134
3 137
3 140
3 141
3 142
3 145
3 147
3 148
3 151
4 5
4 8
4 10
4 11
4 13
4 14
4 15
4 16
4 17
4 18
4 19
4 20
4 21
4 22
4 23
4 24
4 25
4 26
4 27
4 28
4 29
4 30
4 32
4 33
4 34
4 35
4 36
4 37
4 38
4 40
4 41
4 42
4 43
4 44
4 45
4 46
4 48
4 49
4 50
4 51
4 52
4 54
4 55
4 56
4 57
4 59
4 60
4 61
4 63
4 64
4 65
4 67
4 68
4 69
4 70
4 71
4 72
4 73
4 74
4 75
4 76
4 78
4 79
4 80
4 81
4 82
4 84
4 85
4 87
4 88
4 90
4 91
4 92
4 93
4 94
4 95
4 98
4 99
4 100
4 103
4 104
4 108
4 109
4 110
4 111
4 113
4 114
4 115
4 116
4 118
4 119
4 120
4 121
4 122
4 124
4 125
4 126
4 127
4 128
4 130
4 131
4 133
4 134
4 136
4 137
4 141
4 143
4 145
4 147
4 148
4 152
5 6
5 7
5 8
5 9
5 10
5 15
5 16
5 17
5 19
5 21
5 22
5 25
5 26
5 27
5 28
5 30
5 36
5 37
5 39
5 40
5 41
5 42
5 43
5 44
5 45
5 46
5 48
5 49
5 51
5 55
5 56
5 59
5 60
5 63
5 67
5 69
5 72
5 73
5 74
5 75
5 76
5 78
5 79
5 80
5 81
5 84
5 85
5 90
5 91
5 93
5 94
5 98
5 99
5 103
5 104
5 108
5 110
5 111
5 113
5 117
5 120
5 121
5 124
5 125
5 126
5 128
5 133
5 134
5 135
5 144
5 145
5 147
5 148
5 151
5 152
6 8
6 25
6 44
6 56
6 57
6 58
6 59
6 60
6 61
6 70
6 71
6 72
6 73
6 74
6 76
6 77
6 79
6 82
6 83
6 84
6 86
6 87
6 88
6 89
6 92
6 93
6 94
6 95
6 97
6 98
6 101
6 102
6 103
6 105
6 106
6 107
6 109
6 111
6 112
6 114
6 115
6 119
6 120
6 122
6 124
6 126
6 127
6 128
6 129
6 130
6 137
6 138
6 140
6 141
6 142
6 150
6 152
7 8
7 15
7 17
7 18
7 22
7 25
7 26
7 27
7 38
7 39
7 40
7 41
7 44
7 45
7 48
7 49
7 52
7 54
7 56
7 58
7 61
7 64
7 65
7 70
7 74
7 75
7 76
7 78
7 80
7 85
7 90
7 93
7 96
7 98
7 100
7 101
7 103
7 108
7 110
7 114
7 117
7 121
7 125
7 128
7 133
7 134
7 139
7 144
7 145
7 146
7 147
7 149
7 151
8 11
8 12
8 25
8 44
8 54
8 61
8 63
8 69
8 70
8 73
8 74
8 79
8 80
8 82
8 83
8 84
8 85
8 86
8 87
8 88
8 91
8 93
8 94
8 95
8 101
8 103
8 104
8 105
8 106
8 107
8 108
8 109
8 111
8 115
8 119
8 120
8 121
8 122
8 125
8 126
8 127
8 128
8 129
8 130
8 131
8 137
8 140
8 141
8 142
8 146
8 147
8 152
9 6
9 8
9 10
9 11
9 12
9 15
9 17
9 19
9 20
9 21
9 22
9 27
9 28
9 29
9 30
9 32
9 33
9 34
9 37
9 38
9 39
9 40
9 43
9 44
9 45
9 46
9 47
9 49
9 51
9 54
9 55
9 56
9 58
9 59
9 60
9 65
9 66
9 67
9 69
9 71
9 72
9 73
9 74
9 75
9 78
9 79
9 81
9 82
9 84
9 85
9 86
9 89
9 91
9 92
9 94
9 95
9 98
9 99
9 100
9 101
9 102
9 103
9 105
9 106
9 107
9 109
9 111
9 112
9 117
9 118
9 120
9 124
9 126
9 128
9 130
9 133
9 134
9 135
9 136
9 137
9 140
9 150
10 6
10 8
10 11
10 12
10 13
10 14
10 15
10 16
10 17
10 19
10 20
10 21
10 22
10 23
10 24
10 26
10 28
10 29
10 30
10 31
10 32
10 33
10 34
10 35
10 36
10 37
10 38
10 40
10 41
10 43
10 44
10 46
10 47
10 48
10 49
10 50
10 51
10 52
10 55
10 56
10 57
10 59
10 60
10 61
10 62
10 63
10 65
10 66
10 67
10 69
10 71
10 72
10 73
10 74
10 76
10 77
10 78
10 79
10 81
10 82
10 83
10 84
10 86
10 87
10 88
10 89
10 91
10 92
10 93
10 94
10 95
10 97
10 101
10 102
10 103
10 105
10 106
10 107
10 108
10 110
10 111
10 112
10 114
10 115
10 118
10 119
10 120
10 121
10 122
10 124
10 125
10 126
10 127
10 128
10 129
10 130
10 131
10 134
10 135
10 136
10 137
10 138
10 140
10 141
10 142
10 150
10 152
11 12
11 44
11 51
11 68
11 69
11 70
11 71
11 72
11 73
11 74
11 78
11 79
11 80
11 82
11 84
11 85
11 86
11 87
11 88
11 91
11 92
11 93
11 94
11 99
11 103
11 105
11 106
11 107
11 108
11 109
11 111
11 113
11 114
11 115
11 118
11 119
11 120
11 121
11 122
11 125
11 126
11 127
11 130
11 131
11 137
11 141
11 148
11 152
12 88
12 97
12 115
12 119
12 120
12 121
12 124
12 125
12 126
12 127
12 129
12 130
13 6
13 8
13 11
13 14
13 15
13 16
13 17
13 19
13 20
13 21
13 23
13 24
13 25
13 26
13 27
13 28
13 29
13 30
13 32
13 33
13 34
13 35
13 36
13 37
13 38
13 39
13 40
13 41
13 42
13 43
13 44
13 48
13 51
13 52
13 54
13 55
13 56
13 57
13 58
13 59
13 61
13 63
13 64
13 65
13 66
13 68
13 69
13 70
13 72
13 80
13 81
13 82
13 84
13 86
13 87
13 88
13 89
13 91
13 93
13 94
13 99
13 101
13 103
13 104
13 105
13 106
13 108
13 109
13 111
13 112
13 114
13 115
13 118
13 119
13 120
13 122
13 124
13 126
13 127
13 128
13 129
13 130
13 131
13 134
13 136
13 137
13 140
13 141
13 142
13 148
13 152
14 6
14 8
14 11
14 15
14 17
14 18
14 20
14 21
14 23
14 25
14 26
14 27
14 29
14 30
14 31
14 34
14 35
14 36
14 37
14 38
14 39
14 40
14 42
14 43
14 46
14 48
14 49
14 50
14 51
14 52
14 56
14 57
14 58
14 59
14 60
14 63
14 64
14 66
14 69
14 72
14 80
14 81
14 85
14 86
14 87
14 88
14 89
14 93
14 94
14 96
14 99
14 100
14 103
14 104
14 105
14 106
14 108
14 109
14 110
14 111
14 112
14 113
14 115
14 116
14 118
14 119
14 120
14 121
14 122
14 124
14 126
14 127
14 129
14 131
14 136
14 139
14 140
14 141
14 142
14 145
14 149
14 151
14 152
15 17
15 19
15 20
15 21
15 23
15 25
15 26
15 27
15 28
15 30
15 38
15 39
15 41
15 42
15 43
15 44
15 45
15 46
15 48
15 49
15 50
15 51
15 54
15 55
15 57
15 58
15 59
15 60
15 61
15 69
15 70
15 74
15 75
15 80
15 81
15 85
15 87
15 91
15 93
15 94
15 96
15 99
15 100
15 103
15 105
15 106
15 107
15 109
15 110
15 111
15 113
15 114
15 115
15 116
15 117
15 118
15 121
15 122
15 125
15 127
15 128
15 131
15 133
15 134
15 136
15 139
15 147
15 149
15 151
16 6
16 8
16 11
16 12
16 17
16 18
16 19
16 20
16 21
16 22
16 23
16 24
16 28
16 29
16 30
16 31
16 32
16 33
16 34
16 35
16 36
16 37
16 38
16 39
16 40
16 41
16 42
16 43
16 44
16 45
16 46
16 47
16 49
16 50
16 51
16 52
16 53
16 54
16 56
16 57
16 58
16 60
16 61
16 62
16 64
16 65
16 66
16 69
16 70
16 71
16 72
16 73
16 76
16 77
16 79
16 81
16 82
16 83
16 84
16 86
16 87
16 88
16 89
16 92
16 93
16 94
16 95
16 97
16 98
16 99
16 100
16 101
16 102
16 104
16 105
16 107
16 109
16 111
16 112
16 115
16 119
16 120
16 122
16 124
16 126
16 127
16 128
16 129
16 130
16 131
16 135
16 136
16 137
16 138
16 140
16 141
16 142
16 150
16 152
17 6
17 8
17 11
17 12
17 18
17 19
17 20
17 21
17 22
17 23
17 24
17 25
17 26
17 27
17 28
17 29
17 30
17 32
17 33
17 34
17 35
17 36
17 37
17 39
17 40
17 41
17 42
17 43
17 44
17 45
17 48
17 49
17 50
17 52
17 55
17 57
17 58
17 59
17 61
17 63
17 64
17 65
17 68
17 69
17 70
17 71
17 72
17 73
17 75
17 76
17 78
17 79
17 80
17 81
17 82
17 83
17 84
17 85
17 86
17 87
17 88
17 91
17 92
17 93
17 94
17 96
17 98
17 99
17 100
17 101
17 102
17 104
17 106
17 107
17 108
17 109
17 110
17 111
17 112
17 114
17 115
17 116
17 118
17 119
17 120
17 121
17 122
17 124
17 125
17 126
17 127
17 128
17 129
17 130
17 131
17 133
17 134
17 135
17 136
17 137
17 138
17 140
17 141
17 145
17 148
17 151
17 152
18 8
18 19
18 21
18 22
18 23
18 24
18 25
18 26
18 27
18 28
18 29
18 30
18 32
18 33
18 35
18 37
18 38
18 39
18 40
18 42
18 43
18 44
18 45
18 46
18 47
18 49
18 50
18 52
18 53
18 54
18 57
18 58
18 61
18 63
18 68
18 69
18 70
18 74
18 75
18 76
18 81
18 82
18 84
18 86
18 88
18 91
18 92
18 94
18 98
18 99
18 100
18 101
18 103
18 104
18 106
18 108
18 111
18 114
18 115
18 116
18 117
18 118
18 120
18 121
18 122
18 124
18 125
18 127
18 128
18 131
18 133
18 134
18 136
18 139
18 141
18 145
18 146
18 147
18 148
18 149
19 6
19 8
19 11
19 12
19 20
19 21
19 22
19 23
19 24
19 28
19 29
19 30
19 31
19 32
19 33
19 34
19 35
19 36
19 37
19 40
19 41
19 42
19 43
19 46
19 47
19 49
19 51
19 55
19 56
19 57
19 58
19 59
19 60
19 61
19 64
19 66
19 68
19 69
19 70
19 71
19 72
19 73
19 76
19 81
19 82
19 83
19 84
19 85
19 86
19 87
19 88
19 92
19 95
19 99
19 100
19 102
19 103
19 104
19 105
19 106
19 107
19 108
19 109
19 111
19 112
19 114
19 115
19 119
19 120
19 122
19 124
19 125
19 126
19 127
19 129
19 130
19 131
19 136
19 137
19 139
19 140
19 141
19 142
19 148
19 152
20 6
20 8
20 11
20 12
20 21
20 22
20 23
20 24
20 27
20 28
20 29
20 30
20 31
20 32
20 33
20 34
20 35
20 36
20 37
20 38
20 39
20 40
20 41
20 42
20 43
20 44
20 45
20 47
20 48
20 49
20 50
20 51
20 52
20 53
20 54
20 55
20 56
20 57
20 58
20 59
20 60
20 61
20 63
20 64
20 65
20 66
20 68
20 69
20 70
20 71
20 72
20 73
20 74
20 77
20 78
20 79
20 80
20 81
20 82
20 83
20 84
20 85
20 86
20 87
20 88
20 89
20 91
20 92
20 93
20 94
20 95
20 97
20 99
20 100
20 101
20 102
20 103
20 104
20 105
20 106
20 107
20 108
20 109
20 110
20 111
20 112
20 114
20 115
20 119
20 120
20 121
20 122
20 123
20 124
20 125
20 126
20 127
20 128
20 129
20 130
20 131
20 133
20 136
20 137
20 140
20 141
20 142
20 148
20 150
20 152
21 6
21 8
21 11
21 12
21 22
21 23
21 24
21 27
21 28
21 29
21 30
21 31
21 32
21 33
21 34
21 35
21 36
21 37
21 38
21 39
21 40
21 41
21 42
21 43
21 44
21 46
21 47
21 50
21 51
21 52
21 53
21 55
21 56
21 57
21 58
21 60
21 61
21 63
21 64
21 65
21 66
21 69
21 70
21 71
21 72
21 73
21 74
21 77
21 78
21 79
21 81
21 82
21 83
21 84
21 85
21 86
21 87
21 88
21 89
21 92
21 94
21 95
21 97
21 99
21 100
21 101
21 102
21 103
21 104
21 105
21 106
21 107
21 108
21 110
21 111
21 112
21 114
21 115
21 118
21 119
21 120
21 122
21 124
21 125
21 126
21 127
21 128
21 129
21 130
21 131
21 133
21 134
21 135
21 136
21 137
21 138
21 140
21 141
21 142
21 148
21 152
22 6
22 12
22 23
22 24
22 27
22 28
22 29
22 30
22 31
22 32
22 33
22 34
22 35
22 36
22 37
22 38
22 40
22 42
22 43
22 44
22 46
22 47
22 49
22 50
22 53
22 54
22 55
22 56
22 58
22 60
22 65
22 66
22 70
22 71
22 72
22 73
22 74
22 75
22 77
22 79
22 81
22 82
22 83
22 84
22 85
22 86
22 87
22 88
22 89
22 91
22 92
22 93
22 94
22 95
22 97
22 98
22 100
22 101
22 102
22 103
22 105
22 106
22 107
22 109
22 112
22 118
22 120
22 124
22 125
22 126
22 127
22 128
22 129
22 130
22 133
22 134
22 135
22 136
22 137
22 138
22 140
22 142
22 148
22 152
23 8
23 24
23 29
23 30
23 32
23 34
23 35
23 36
23 37
23 38
23 43
23 44
23 48
23 49
23 50
23 52
23 56
23 57
23 66
23 70
23 73
23 79
23 82
23 84
23 86
23 87
23 88
23 91
23 92
23 94
23 95
23 101
23 104
23 105
23 106
23 108
23 109
23 110
23 111
23 112
23 115
23 119
23 120
23 122
23 124
23 126
23 127
23 128
23 129
23 130
23 131
23 136
23 137
23 140
23 141
23 142
23 147
23 148
23 152
24 6
24 8
24 11
24 12
24 28
24 29
24 30
24 31
24 32
24 33
24 34
24 35
24 37
24 38
24 40
24 42
24 43
24 44
24 47
24 49
24 52
24 53
24 55
24 56
24 59
24 60
24 63
24 65
24 66
24 68
24 69
24 71
24 72
24 73
24 77
24 79
24 81
24 82
24 83
24 84
24 86
24 87
24 88
24 89
24 92
24 93
24 94
24 97
24 100
24 101
24 102
24 104
24 105
24 106
24 107
24 108
24 111
24 112
24 114
24 119
24 120
24 123
24 124
24 125
24 126
24 127
24 128
24 129
24 130
24 131
24 132
24 135
24 137
24 138
24 140
24 142
24 147
24 150
24 152
25 11
25 51
25 68
25 70
25 71
25 74
25 75
25 76
25 78
25 80
25 81
25 86
25 87
25 88
25 91
25 93
25 98
25 99
25 100
25 101
25 104
25 106
25 108
25 109
25 110
25 111
25 113
25 116
25 118
25 119
25 120
25 121
25 122
25 127
25 128
25 129
25 131
25 139
25 141
25 146
25 151
25 152
26 6
26 8
26 11
26 25
26 27
26 28
26 30
26 32
26 34
26 35
26 36
26 37
26 38
26 39
26 41
26 42
26 44
26 45
26 46
26 48
26 49
26 50
26 51
26 52
26 55
26 58
26 59
26 61
26 64
26 68
26 70
26 72
26 74
26 75
26 76
26 78
26 80
26 81
26 82
26 85
26 86
26 88
26 89
26 91
26 93
26 94
26 96
26 98
26 99
26 103
26 106
26 108
26 109
26 110
26 111
26 112
26 113
26 114
26 116
26 117
26 118
26 119
26 120
26 122
26 125
26 127
26 128
26 131
26 134
26 139
26 141
26 145
26 146
26 147
26 148
26 149
26 151
27 6
27 8
27 11
27 28
27 29
27 30
27 34
27 37
27 38
27 39
27 40
27 41
27 42
27 44
27 45
27 46
27 48
27 49
27 50
27 51
27 52
27 55
27 56
27 57
27 59
27 60
27 61
27 64
27 68
27 69
27 72
27 74
27 78
27 81
27 82
27 84
27 85
27 91
27 92
27 93
27 94
27 99
27 100
27 103
27 105
27 106
27 109
27 110
27 111
27 114
27 115
27 116
27 117
27 118
27 120
27 122
27 124
27 125
27 127
27 128
27 129
27 131
27 133
27 136
27 141
27 147
27 148
28 6
28 8
28 11
28 12
28 29
28 30
28 31
28 32
28 33
28 34
28 37
28 38
28 40
28 41
28 42
28 43
28 44
28 45
28 46
28 49
28 51
28 52
28 55
28 56
28 57
28 58
28 59
28 61
28 64
28 66
28 69
28 70
28 71
28 72
28 73
28 74
28 77
28 78
28 79
28 80
28 81
28 82
28 84
28 85
28 86
28 87
28 88
28 89
28 91
28 92
28 93
28 94
28 97
28 99
28 100
28 101
28 102
28 103
28 105
28 106
28 107
28 108
28 110
28 111
28 112
28 114
28 115
28 118
28 120
28 121
28 122
28 124
28 125
28 126
28 127
28 128
28 129
28 130
28 131
28 133
28 135
28 136
28 137
28 138
28 140
28 142
28 145
28 147
28 148
28 150
28 152
29 6
29 8
29 11
29 25
29 30
29 31
29 32
29 33
29 34
29 35
29 36
29 37
29 38
29 40
29 42
29 43
29 44
29 46
29 48
29 50
29 52
29 54
29 55
29 56
29 57
29 61
29 66
29 69
29 70
29 71
29 72
29 73
29 76
29 77
29 79
29 80
29 81
29 82
29 84
29 86
29 87
29 88
29 89
29 91
29 92
29 94
29 95
29 99
29 100
29 101
29 102
29 104
29 105
29 106
29 107
29 108
29 109
29 111
29 112
29 114
29 115
29 117
29 118
29 119
29 120
29 121
29 122
29 124
29 125
29 126
29 127
29 128
29 129
29 130
29 131
29 134
29 136
29 137
29 140
29 141
29 142
29 147
29 148
29 150
29 152
30 6
30 8
30 11
30 12
30 25
30 32
30 33
30 34
30 35
30 36
30 37
30 38
30 39
30 40
30 41
30 42
30 43
30 44
30 45
30 46
30 47
30 48
30 49
30 50
30 51
30 52
30 55
30 56
30 57
30 59
30 60
30 61
30 63
30 64
30 68
30 69
30 70
30 71
30 72
30 73
30 74
30 76
30 78
30 79
30 80
30 81
30 82
30 84
30 85
30 86
30 87
30 88
30 89
30 91
30 92
30 93
30 94
30 95
30 98
30 99
30 100
30 101
30 102
30 103
30 104
30 105
30 106
30 108
30 109
30 110
30 111
30 112
30 114
30 115
30 116
30 119
30 120
30 121
30 122
30 124
30 125
30 126
30 127
30 128
30 129
30 130
30 131
30 133
30 134
30 136
30 137
30 139
30 140
30 141
30 145
30 146
30 148
30 151
30 152
31 12
31 32
31 33
31 34
31 35
31 37
31 40
31 43
31 45
31 47
31 52
31 53
31 55
31 56
31 58
31 60
31 62
31 64
31 68
31 69
31 70
31 71
31 72
31 73
31 76
31 77
31 79
31 82
31 83
31 84
31 86
31 87
31 88
31 89
31 92
31 93
31 95
31 97
31 98
31 101
31 102
31 103
31 105
31 107
31 108
31 112
31 120
31 123
31 125
31 126
31 128
31 129
31 130
31 134
31 135
31 136
31 137
31 138
31 140
31 141
31 142
31 146
31 150
31 152
32 6
32 8
32 11
32 12
32 33
32 34
32 37
32 38
32 39
32 40
32 41
32 42
32 43
32 44
32 46
32 47
32 51
32 55
32 56
32 57
32 60
32 69
32 70
32 71
32 72
32 73
32 74
32 77
32 79
32 80
32 81
32 82
32 84
32 86
32 87
32 88
32 89
32 91
32 92
32 93
32 94
32 95
32 97
32 99
32 101
32 102
32 103
32 105
32 107
32 108
32 112
32 120
32 124
32 125
32 127
32 128
32 129
32 130
32 133
32 134
32 135
32 136
32 137
32 140
32 142
32 147
32 148
32 150
32 152
33 6
33 8
33 12
33 34
33 35
33 36
33 37
33 39
33 40
33 41
33 43
33 44
33 45
33 46
33 47
33 49
33 50
33 52
33 53
33 55
33 56
33 57
33 58
33 60
33 61
33 62
33 63
33 69
33 70
33 71
33 72
33 73
33 77
33 78
33 79
33 81
33 82
33 83
33 84
33 86
33 87
33 88
33 89
33 92
33 94
33 97
33 98
33 101
33 102
33 103
33 105
33 107
33 109
33 111
33 112
33 114
33 115
33 119
33 120
33 121
33 122
33 123
33 124
33 127
33 128
33 129
33 130
33 131
33 133
33 135
33 137
33 138
33 140
33 141
33 142
33 150
33 152
34 6
34 8
34 12
34 25
34 35
34 36
34 37
34 38
34 39
34 40
34 41
34 42
34 43
34 44
34 45
34 46
34 47
34 49
34 50
34 51
34 52
34 54
34 56
34 57
34 58
34 59
34 60
34 61
34 63
34 64
34 68
34 69
34 71
34 72
34 73
34 74
34 76
34 77
34 78
34 79
34 81
34 82
34 84
34 86
34 87
34 88
34 89
34 91
34 92
34 93
34 94
34 95
34 97
34 99
34 100
34 101
34 102
34 103
34 105
34 106
34 107
34 108
34 109
34 110
34 111
34 112
34 113
34 115
34 116
34 117
34 118
34 119
34 120
34 121
34 122
34 124
34 125
34 126
34 127
34 128
34 129
34 130
34 131
34 133
34 134
34 135
34 136
34 137
34 138
34 139
34 140
34 141
34 142
34 146
34 147
34 148
34 150
34 151
34 152
35 6
35 8
35 11
35 12
35 25
35 36
35 37
35 39
35 40
35 41
35 43
35 49
35 50
35 52
35 54
35 57
35 58
35 59
35 63
35 69
35 70
35 71
35 73
35 78
35 79
35 81
35 82
35 83
35 84
35 86
35 87
35 88
35 92
35 94
35 95
35 97
35 101
35 104
35 105
35 108
35 111
35 112
35 115
35 119
35 120
35 122
35 124
35 125
35 126
35 127
35 129
35 130
35 131
35 137
35 140
35 141
35 142
35 152
36 6
36 8
36 11
36 25
36 37
36 38
36 39
36 40
36 41
36 43
36 44
36 45
36 48
36 50
36 52
36 55
36 56
36 57
36 58
36 59
36 61
36 64
36 69
36 70
36 71
36 72
36 73
36 80
36 81
36 82
36 84
36 85
36 86
36 87
36 88
36 91
36 92
36 93
36 94
36 95
36 100
36 103
36 104
36 105
36 106
36 108
36 109
36 111
36 112
36 114
36 115
36 118
36 119
36 120
36 121
36 122
36 124
36 125
36 126
36 127
36 128
36 130
36 131
36 135
36 136
36 137
36 140
36 141
36 142
36 147
36 148
36 152
37 6
37 8
37 11
37 12
37 25
37 39
37 40
37 41
37 43
37 44
37 45
37 47
37 48
37 49
37 50
37 51
37 53
37 55
37 56
37 57
37 58
37 59
37 60
37 61
37 62
37 63
37 64
37 69
37 70
37 71
37 72
37 73
37 74
37 75
37 77
37 78
37 79
37 81
37 82
37 83
37 84
37 85
37 86
37 87
37 88
37 89
37 91
37 92
37 93
37 94
37 95
37 97
37 99
37 100
37 101
37 102
37 103
37 104
37 105
37 107
37 110
37 111
37 112
37 115
37 117
37 119
37 120
37 121
37 122
37 123
37 124
37 125
37 126
37 127
37 128
37 129
37 130
37 131
37 134
37 135
37 136
37 137
37 138
37 140
37 141
37 142
37 148
37 150
37 152
38 8
38 11
38 25
38 39
38 40
38 41
38 42
38 43
38 44
38 45
38 46
38 47
38 48
38 49
38 50
38 51
38 52
38 54
38 55
38 56
38 58
38 59
38 61
38 63
38 64
38 69
38 70
38 71
38 72
38 73
38 74
38 76
38 78
38 80
38 81
38 82
38 84
38 85
38 86
38 87
38 88
38 91
38 93
38 94
38 95
38 98
38 99
38 100
38 101
38 102
38 103
38 106
38 107
38 109
38 110
38 111
38 114
38 115
38 118
38 119
38 120
38 121
38 122
38 125
38 126
38 128
38 131
38 134
38 136
38 140
38 147
38 148
38 150
38 152
39 11
39 25
39 42
39 43
39 44
39 46
39 48
39 49
39 50
39 51
39 52
39 53
39 55
39 57
39 58
39 59
39 61
39 63
39 64
39 68
39 69
39 70
39 74
39 75
39 78
39 79
39 80
39 82
39 84
39 85
39 86
39 87
39 88
39 91
39 92
39 93
39 94
39 95
39 99
39 100
39 102
39 103
39 104
39 105
39 106
39 109
39 110
39 113
39 114
39 115
39 116
39 118
39 120
39 121
39 122
39 124
39 125
39 127
39 128
39 129
39 131
39 134
39 136
39 141
39 146
39 147
39 148
39 151
40 6
40 8
40 11
40 12
40 41
40 42
40 43
40 44
40 45
40 46
40 47
40 49
40 51
40 52
40 55
40 56
40 57
40 60
40 63
40 64
40 69
40 70
40 71
40 72
40 73
40 74
40 76
40 77
40 78
40 79
40 81
40 82
40 84
40 86
40 87
40 88
40 89
40 91
40 92
40 93
40 94
40 95
40 99
40 101
40 102
40 103
40 105
40 106
40 107
40 108
40 110
40 111
40 112
40 114
40 115
40 118
40 119
40 120
40 121
40 124
40 128
40 129
40 130
40 131
40 135
40 136
40 137
40 140
40 141
40 142
40 147
40 148
41 8
41 25
41 42
41 43
41 44
41 45
41 46
41 47
41 48
41 49
41 51
41 52
41 53
41 54
41 56
41 59
41 61
41 64
41 68
41 69
41 70
41 72
41 74
41 75
41 76
41 78
41 81
41 82
41 84
41 85
41 86
41 88
41 91
41 92
41 93
41 94
41 98
41 102
41 104
41 108
41 110
41 111
41 112
41 114
41 116
41 118
41 120
41 121
41 124
41 125
41 126
41 128
41 129
41 130
41 131
41 134
41 139
41 140
41 142
41 146
41 147
41 148
41 151
42 6
42 8
42 11
42 12
42 25
42 43
42 44
42 45
42 46
42 48
42 49
42 50
42 51
42 52
42 54
42 55
42 56
42 57
42 58
42 59
42 60
42 61
42 63
42 64
42 68
42 69
42 70
42 71
42 72
42 73
42 74
42 75
42 76
42 78
42 80
42 81
42 82
42 84
42 85
42 87
42 88
42 91
42 93
42 94
42 95
42 98
42 99
42 100
42 101
42 103
42 104
42 105
42 106
42 108
42 110
42 111
42 113
42 114
42 115
42 116
42 117
42 118
42 119
42 120
42 121
42 122
42 124
42 125
42 126
42 128
42 129
42 130
42 131
42 134
42 136
42 139
42 146
42 147
42 148
42 151
43 6
43 8
43 11
43 12
43 46
43 47
43 48
43 50
43 51
43 52
43 55
43 58
43 59
43 60
43 61
43 63
43 64
43 68
43 69
43 70
43 71
43 72
43 73
43 74
43 75
43 76
43 77
43 78
43 79
43 81
43 82
43 83
43 84
43 85
43 86
43 87
43 88
43 89
43 91
43 92
43 93
43 94
43 95
43 100
43 101
43 102
43 105
43 106
43 107
43 108
43 109
43 111
43 112
43 114
43 115
43 116
43 118
43 119
43 120
43 121
43 122
43 124
43 126
43 127
43 129
43 130
43 131
43 136
43 137
43 138
43 140
43 141
43 142
43 148
43 150
43 152
44 88
44 97
44 118
44 120
44 121
44 122
44 124
44 125
44 127
44 128
45 25
45 44
45 46
45 48
45 49
45 52
45 54
45 55
45 56
45 59
45 60
45 64
45 69
45 70
45 71
45 74
45 75
45 76
45 78
45 79
45 80
45 81
45 84
45 85
45 92
45 93
45 98
45 99
45 102
45 103
45 104
45 107
45 108
45 109
45 110
45 113
45 114
45 121
45 124
45 125
45 128
45 137
45 139
45 140
45 146
45 147
45 148
45 151
46 11
46 12
46 25
46 47
46 48
46 50
46 51
46 52
46 53
46 56
46 58
46 59
46 61
46 64
46 68
46 69
46 71
46 72
46 73
46 75
46 76
46 78
46 79
46 81
46 82
46 85
46 86
46 92
46 95
46 97
46 98
46 99
46 100
46 101
46 103
46 105
46 106
46 107
46 108
46 109
46 114
46 116
46 118
46 120
46 121
46 122
46 124
46 125
46 128
46 129
46 131
46 136
46 137
46 139
46 140
46 141
46 146
46 147
46 148
46 150
46 152
47 6
47 11
47 12
47 25
47 44
47 50
47 52
47 53
47 58
47 60
47 62
47 68
47 69
47 70
47 71
47 72
47 73
47 74
47 75
47 76
47 77
47 79
47 80
47 82
47 83
47 84
47 87
47 88
47 89
47 91
47 92
47 95
47 97
47 98
47 101
47 102
47 103
47 104
47 105
47 107
47 108
47 111
47 112
47 114
47 115
47 116
47 120
47 122
47 123
47 124
47 125
47 126
47 128
47 129
47 130
47 137
47 138
47 139
47 140
47 142
47 146
47 147
47 150
47 152
48 6
48 8
48 11
48 25
48 44
48 49
48 50
48 52
48 56
48 58
48 59
48 61
48 63
48 69
48 70
48 74
48 75
48 76
48 78
48 80
48 85
48 87
48 91
48 93
48 94
48 98
48 99
48 100
48 101
48 106
48 107
48 108
48 110
48 111
48 113
48 114
48 115
48 116
48 118
48 119
48 120
48 122
48 126
48 128
48 131
48 139
48 141
48 146
48 147
48 151
49 8
49 11
49 25
49 44
49 50
49 51
49 52
49 54
49 58
49 59
49 61
49 69
49 70
49 71
49 73
49 74
49 75
49 76
49 78
49 79
49 80
49 81
49 82
49 84
49 85
49 93
49 94
49 98
49 99
49 100
49 102
49 103
49 104
49 105
49 106
49 107
49 108
49 109
49 110
49 113
49 114
49 116
49 118
49 120
49 121
49 122
49 124
49 125
49 127
49 128
49 131
49 139
49 140
49 141
49 146
49 147
49 148
49 151
50 8
50 11
50 12
50 51
50 52
50 54
50 55
50 56
50 57
50 58
50 59
50 60
50 61
50 63
50 64
50 69
50 70
50 72
50 74
50 78
50 79
50 80
50 84
50 85
50 86
50 87
50 92
50 93
50 94
50 95
50 99
50 103
50 104
50 105
50 106
50 107
50 108
50 109
50 110
50 111
50 112
50 113
50 114
50 115
50 116
50 118
50 119
50 120
50 121
50 122
50 125
50 126
50 127
50 128
50 131
50 137
50 139
50 140
50 141
50 142
50 148
50 151
51 81
51 88
51 99
51 100
51 102
51 106
51 109
51 111
51 114
51 116
51 118
51 120
51 121
51 122
51 126
51 128
51 131
52 8
52 11
52 12
52 25
52 44
52 51
52 54
52 57
52 58
52 59
52 61
52 63
52 64
52 69
52 70
52 75
52 78
52 80
52 81
52 82
52 84
52 85
52 86
52 87
52 88
52 91
52 92
52 93
52 94
52 98
52 99
52 103
52 104
52 105
52 106
52 108
52 109
52 110
52 111
52 112
52 113
52 114
52 115
52 116
52 118
52 119
52 120
52 121
52 122
52 124
52 125
52 126
52 127
52 128
52 131
52 137
52 139
52 141
52 142
52 148
52 151
52 152
53 12
53 25
53 56
53 60
53 62
53 68
53 71
53 73
53 75
53 76
53 77
53 79
53 82
53 83
53 86
53 88
53 89
53 92
53 93
53 95
53 97
53 101
53 102
53 105
53 107
53 112
53 116
53 123
53 129
53 130
53 137
53 138
53 139
53 140
53 142
53 146
53 150
53 151
53 152
54 44
54 51
54 89
54 91
54 92
54 93
54 94
54 97
54 99
54 100
54 103
54 106
54 109
54 110
54 113
54 114
54 118
54 120
54 121
54 124
54 125
54 126
54 128
54 129
54 131
54 148
55 8
55 11
55 44
55 54
55 56
55 59
55 61
55 64
55 70
55 71
55 73
55 77
55 79
55 81
55 82
55 83
55 84
55 85
55 86
55 87
55 88
55 91
55 92
55 93
55 94
55 95
55 97
55 99
55 103
55 104
55 106
55 109
55 111
55 114
55 115
55 118
55 119
55 120
55 122
55 124
55 126
55 127
55 128
55 129
55 131
55 137
55 140
55 141
55 142
55 148
56 11
56 44
56 51
56 57
56 58
56 59
56 60
56 64
56 68
56 69
56 70
56 71
56 72
56 73
56 75
56 77
56 78
56 79
56 81
56 82
56 83
56 84
56 86
56 87
56 88
56 91
56 92
56 93
56 94
56 95
56 97
56 98
56 101
56 103
56 104
56 105
56 106
56 107
56 108
56 109
56 110
56 115
56 119
56 120
56 122
56 124
56 127
56 128
56 130
56 131
56 137
56 140
56 141
56 142
56 146
56 148
56 150
56 152
57 8
57 11
57 44
57 51
57 58
57 59
57 61
57 63
57 68
57 69
57 70
57 72
57 73
57 77
57 81
57 82
57 84
57 85
57 87
57 88
57 91
57 92
57 93
57 94
57 99
57 100
57 104
57 105
57 106
57 109
57 111
57 114
57 115
57 118
57 119
57 120
57 121
57 122
57 124
57 127
57 128
57 131
57 137
57 140
57 141
57 142
58 8
58 11
58 25
58 44
58 59
58 60
58 61
58 68
58 69
58 70
58 71
58 74
58 75
58 76
58 78
58 79
58 80
58 86
58 88
58 89
58 91
58 92
58 93
58 94
58 98
58 100
58 101
58 102
58 103
58 105
58 106
58 107
58 108
58 109
58 110
58 111
58 113
58 114
58 116
58 120
58 121
58 122
58 125
58 126
58 127
58 128
58 131
58 137
58 139
58 140
58 146
58 147
58 150
58 151
59 8
59 11
59 25
59 51
59 54
59 61
59 64
59 69
59 70
59 71
59 74
59 76
59 78
59 80
59 81
59 82
59 85
59 87
59 88
59 91
59 92
59 93
59 94
59 99
59 100
59 104
59 106
59 107
59 108
59 109
59 110
59 111
59 113
59 114
59 115
59 116
59 118
59 119
59 120
59 122
59 124
59 127
59 128
59 131
59 148
59 151
60 8
60 12
60 44
60 62
60 64
60 69
60 71
60 72
60 73
60 75
60 76
60 77
60 78
60 79
60 81
60 82
60 83
60 84
60 86
60 87
60 88
60 89
60 92
60 93
60 95
60 97
60 98
60 101
60 102
60 103
60 105
60 107
60 108
60 111
60 123
60 124
60 127
60 129
60 130
60 137
60 138
60 140
60 142
60 150
60 152
61 11
61 25
61 44
61 51
61 54
61 63
61 64
61 69
61 70
61 71
61 74
61 79
61 80
61 85
61 86
61 87
61 88
61 91
61 92
61 93
61 94
61 95
61 99
61 100
61 101
61 103
61 104
61 105
61 106
61 107
61 109
61 110
61 111
61 113
61 114
61 115
61 116
61 118
61 119
61 120
61 121
61 122
61 124
61 125
61 126
61 127
61 128
61 130
61 131
61 137
61 141
61 147
61 148
61 151
62 12
62 88
62 97
62 123
62 129
62 130
63 11
63 12
63 25
63 51
63 68
63 69
63 72
63 79
63 80
63 84
63 85
63 86
63 88
63 94
63 95
63 103
63 108
63 111
63 114
63 115
63 116
63 118
63 119
63 120
63 121
63 122
63 124
63 128
63 131
63 137
63 139
63 142
63 147
63 148
63 151
63 152
64 11
64 44
64 51
64 54
64 69
64 71
64 76
64 78
64 81
64 84
64 85
64 87
64 88
64 91
64 93
64 94
64 99
64 100
64 103
64 106
64 110
64 111
64 114
64 115
64 116
64 120
64 122
64 125
64 126
64 127
64 128
64 131
64 147
64 148
65 11
65 26
65 27
65 28
65 30
65 33
65 34
65 36
65 37
65 38
65 39
65 42
65 44
65 45
65 46
65 47
65 48
65 49
65 50
65 52
65 54
65 55
65 56
65 57
65 58
65 59
65 61
65 63
65 64
65 69
65 70
65 74
65 76
65 78
65 80
65 85
65 91
65 93
65 94
65 95
65 96
65 98
65 99
65 100
65 103
65 104
65 107
65 108
65 109
65 110
65 111
65 114
65 115
65 116
65 117
65 118
65 119
65 120
65 121
65 122
65 124
65 125
65 127
65 128
65 129
65 131
65 133
65 134
65 137
65 147
65 149
65 151
66 6
66 8
66 11
66 12
66 30
66 32
66 33
66 34
66 35
66 36
66 37
66 38
66 40
66 41
66 42
66 43
66 44
66 50
66 51
66 52
66 55
66 56
66 57
66 60
66 69
66 70
66 72
66 76
66 79
66 81
66 82
66 83
66 84
66 86
66 87
66 88
66 89
66 92
66 93
66 94
66 99
66 101
66 103
66 104
66 105
66 107
66 111
66 112
66 114
66 115
66 119
66 120
66 122
66 127
66 128
66 130
66 131
66 136
66 137
66 140
66 141
66 142
66 152
67 6
67 8
67 11
67 12
67 13
67 18
67 20
67 21
67 22
67 24
67 25
67 26
67 27
67 28
67 29
67 30
67 31
67 32
67 33
67 37
67 38
67 39
67 40
67 41
67 42
67 43
67 47
67 50
67 52
67 56
67 57
67 58
67 59
67 61
67 63
67 65
67 66
67 71
67 72
67 73
67 76
67 79
67 80
67 81
67 82
67 86
67 88
67 90
67 91
67 93
67 94
67 96
67 98
67 99
67 101
67 102
67 103
67 106
67 107
67 114
67 115
67 118
67 119
67 120
67 121
67 122
67 124
67 126
67 127
67 128
67 129
67 131
67 134
67 135
67 137
67 139
67 140
67 145
67 146
67 148
67 149
68 70
68 75
68 76
68 80
68 85
68 87
68 89
68 93
68 98
68 103
68 104
68 108
68 116
68 120
68 121
68 122
68 125
68 127
68 129
68 131
68 139
68 141
68 151
68 152
69 12
69 44
69 51
69 70
69 71
69 73
69 74
69 78
69 79
69 81
69 82
69 84
69 85
69 86
69 88
69 91
69 92
69 93
69 94
69 99
69 100
69 101
69 102
69 103
69 104
69 105
69 106
69 107
69 111
69 114
69 115
69 118
69 119
69 120
69 121
69 122
69 124
69 125
69 126
69 127
69 128
69 130
69 131
69 139
69 141
69 142
69 147
69 148
69 152
70 12
70 44
70 62
70 71
70 73
70 74
70 75
70 76
70 78
70 79
70 80
70 81
70 82
70 84
70 87
70 88
70 89
70 91
70 92
70 93
70 94
70 95
70 98
70 99
70 100
70 101
70 102
70 103
70 104
70 105
70 106
70 108
70 109
70 110
70 111
70 113
70 114
70 115
70 116
70 118
70 119
70 120
70 121
70 122
70 124
70 125
70 126
70 127
70 128
70 129
70 130
70 131
70 139
70 141
70 147
70 148
70 151
70 152
71 12
71 44
71 51
71 62
71 72
71 73
71 75
71 77
71 79
71 81
71 82
71 83
71 84
71 86
71 87
71 88
71 89
71 92
71 94
71 95
71 97
71 98
71 99
71 100
71 101
71 102
71 103
71 105
71 107
71 111
71 114
71 115
71 121
71 122
71 123
71 124
71 128
71 129
71 130
71 141
71 142
71 150
71 152
72 12
72 44
72 54
72 62
72 73
72 75
72 77
72 78
72 79
72 81
72 82
72 83
72 84
72 86
72 87
72 88
72 89
72 91
72 92
72 93
72 94
72 95
72 99
72 101
72 102
72 103
72 105
72 106
72 107
72 109
72 115
72 119
72 120
72 121
72 122
72 123
72 124
72 125
72 126
72 127
72 128
72 129
72 130
72 142
72 148
72 150
72 152
73 12
73 62
73 74
73 75
73 77
73 79
73 81
73 82
73 83
73 84
73 86
73 87
73 88
73 89
73 91
73 92
73 95
73 97
73 101
73 102
73 104
73 105
73 106
73 107
73 108
73 109
73 111
73 114
73 115
73 119
73 121
73 123
73 124
73 125
73 126
73 127
73 128
73 129
73 130
73 142
73 147
73 150
73 152
74 44
74 51
74 54
74 75
74 76
74 78
74 80
74 81
74 84
74 85
74 86
74 91
74 92
74 93
74 94
74 98
74 99
74 100
74 103
74 109
74 110
74 111
74 113
74 114
74 116
74 118
74 119
74 120
74 121
74 122
74 124
74 125
74 127
74 128
74 147
74 148
74 151
75 44
75 51
75 76
75 78
75 79
75 80
75 85
75 86
75 88
75 92
75 95
75 98
75 99
75 100
75 101
75 104
75 105
75 107
75 108
75 110
75 113
75 116
75 120
75 121
75 125
75 151
76 44
76 81
76 82
76 85
76 86
76 87
76 91
76 98
76 99
76 101
76 102
76 103
76 107
76 108
76 109
76 113
76 121
76 124
76 126
76 128
76 129
76 130
76 131
76 147
76 150
76 151
77 12
77 62
77 79
77 82
77 83
77 88
77 89
77 92
77 95
77 97
77 98
77 101
77 102
77 105
77 107
77 108
77 123
77 124
77 127
77 129
77 130
77 141
77 142
77 150
77 152
78 44
78 51
78 54
78 81
78 85
78 86
78 88
78 92
78 93
78 94
78 99
78 100
78 101
78 102
78 103
78 106
78 107
78 108
78 109
78 110
78 111
78 113
78 114
78 115
78 116
78 118
78 120
78 121
78 122
78 124
78 126
78 128
78 131
78 142
78 148
78 151
79 12
79 44
79 51
79 54
79 62
79 81
79 82
79 83
79 84
79 86
79 88
79 89
79 92
79 94
79 95
79 97
79 99
79 101
79 102
79 103
79 105
79 107
79 110
79 115
79 120
79 122
79 123
79 124
79 128
79 129
79 130
79 142
79 150
79 152
80 51
80 81
80 85
80 88
80 93
80 94
80 98
80 99
80 100
80 104
80 106
80 108
80 109
80 110
80 111
80 113
80 114
80 115
80 116
80 118
80 120
80 121
80 122
80 125
80 131
80 141
80 148
80 151
81 44
81 88
81 106
81 107
81 114
81 118
81 120
81 121
81 122
81 124
81 125
81 126
81 127
81 128
81 129
81 130
82 12
82 44
82 62
82 81
82 83
82 84
82 85
82 86
82 87
82 88
82 89
82 92
82 93
82 94
82 95
82 97
82 99
82 101
82 102
82 103
82 104
82 105
82 107
82 108
82 111
82 114
82 115
82 120
82 121
82 122
82 123
82 124
82 125
82 126
82 127
82 128
82 129
82 130
82 131
82 142
82 148
82 150
83 12
83 44
83 62
83 88
83 97
83 115
83 119
83 123
83 125
83 129
83 130
84 12
84 44
84 51
84 81
84 85
84 86
84 87
84 88
84 89
84 92
84 94
84 95
84 97
84 99
84 100
84 101
84 102
84 103
84 104
84 105
84 107
84 108
84 109
84 110
84 111
84 114
84 115
84 119
84 120
84 121
84 122
84 123
84 124
84 127
84 128
84 129
84 130
84 131
84 142
84 148
84 150
85 44
85 54
85 81
85 91
85 93
85 99
85 100
85 103
85 106
85 109
85 110
85 113
85 114
85 116
85 118
85 121
85 122
85 125
85 127
85 128
85 131
85 148
85 151
86 12
86 83
86 87
86 88
86 89
86 91
86 92
86 94
86 95
86 97
86 101
86 102
86 103
86 105
86 107
86 108
86 111
86 114
86 115
86 119
86 120
86 122
86 124
86 126
86 127
86 128
86 129
86 130
86 131
86 142
87 12
87 44
87 51
87 81
87 83
87 88
87 94
87 95
87 99
87 100
87 101
87 102
87 104
87 105
87 106
87 107
87 108
87 111
87 115
87 119
87 120
87 121
87 122
87 124
87 125
87 126
87 127
87 129
87 130
87 131
87 142
89 12
89 44
89 62
89 83
89 88
89 91
89 92
89 94
89 95
89 97
89 98
89 101
89 102
89 103
89 104
89 105
89 106
89 107
89 114
89 120
89 123
89 124
89 126
89 128
89 129
89 130
89 142
89 150
90 6
90 8
90 14
90 15
90 16
90 17
90 18
90 21
90 22
90 26
90 27
90 28
90 30
90 32
90 36
90 37
90 39
90 40
90 41
90 42
90 44
90 45
90 46
90 48
90 49
90 50
90 52
90 54
90 55
90 56
90 57
90 58
90 59
90 63
90 64
90 65
90 66
90 68
90 70
90 71
90 74
90 75
90 76
90 78
90 80
90 84
90 85
90 91
90 95
90 96
90 98
90 99
90 103
90 106
90 108
90 109
90 110
90 111
90 113
90 116
90 117
90 118
90 119
90 120
90 121
90 122
90 125
90 127
90 131
90 133
90 134
90 137
90 139
90 140
90 142
90 145
90 146
90 147
90 148
90 149
90 151
91 44
91 51
91 81
91 92
91 93
91 94
91 95
91 100
91 102
91 103
91 104
91 105
91 106
91 107
91 108
91 109
91 111
91 114
91 118
91 122
91 124
91 125
91 126
91 127
91 128
91 130
91 131
91 142
91 150
92 12
92 44
92 62
92 81
92 83
92 88
92 93
92 94
92 95
92 97
92 100
92 101
92 102
92 105
92 106
92 107
92 108
92 109
92 111
92 115
92 120
92 122
92 123
92 124
92 125
92 126
92 127
92 128
92 129
92 130
92 142
92 150
93 12
93 44
93 51
93 81
93 88
93 94
93 99
93 100
93 103
93 104
93 105
93 106
93 108
93 109
93 111
93 114
93 115
93 116
93 118
93 119
93 120
93 121
93 125
93 126
93 127
93 128
93 131
94 12
94 44
94 51
94 81
94 88
94 99
94 100
94 101
94 103
94 104
94 105
94 106
94 108
94 110
94 111
94 113
94 114
94 115
94 116
94 118
94 119
94 120
94 122
94 124
94 125
94 126
94 127
94 128
94 130
94 131
95 12
95 44
95 51
95 62
95 81
95 83
95 88
95 97
95 101
95 102
95 105
95 107
95 114
95 115
95 119
95 123
95 125
95 126
95 127
95 129
95 130
95 150
96 25
96 39
96 42
96 45
96 48
96 49
96 50
96 51
96 52
96 58
96 59
96 61
96 63
96 68
96 70
96 74
96 75
96 78
96 80
96 85
96 93
96 99
96 100
96 103
96 109
96 110
96 113
96 114
96 117
96 118
96 121
96 125
96 128
96 134
96 136
96 147
96 151
97 88
97 123
97 126
97 129
97 130
98 44
98 101
98 102
98 103
98 107
98 108
98 109
98 110
98 113
98 114
98 116
98 118
98 120
98 121
98 126
98 128
99 44
99 81
99 100
99 101
99 102
99 103
99 106
99 109
99 110
99 111
99 114
99 118
99 119
99 120
99 121
99 122
99 125
99 128
99 129
100 12
100 44
100 103
100 105
100 106
100 108
100 109
100 110
100 111
100 113
100 115
100 116
100 118
100 120
100 122
100 125
100 126
100 127
100 128
100 130
101 12
101 62
101 81
101 83
101 88
101 97
101 102
101 105
101 106
101 107
101 111
101 115
101 123
101 124
101 126
101 127
101 128
101 129
101 130
101 150
102 12
102 44
102 62
102 81
102 83
102 88
102 97
102 103
102 105
102 107
102 111
102 114
102 118
102 120
102 121
102 123
102 124
102 125
102 128
102 129
102 130
102 150
103 12
103 44
103 88
103 105
103 106
103 107
103 108
103 109
103 110
103 111
103 114
103 115
103 118
103 119
103 120
103 122
103 124
103 125
103 127
103 128
104 12
104 62
104 83
104 88
104 106
104 108
104 109
104 111
104 118
104 119
104 120
104 122
104 124
104 125
104 126
104 127
104 128
104 130
105 12
105 44
105 62
105 83
105 88
105 97
105 106
105 107
105 111
105 120
105 123
105 124
105 125
105 126
105 127
105 128
105 129
105 130
105 150
106 44
106 108
106 109
106 111
106 114
106 115
106 116
106 118
106 119
106 120
106 121
106 122
106 124
106 125
106 126
106 127
106 128
106 130
107 12
107 44
107 62
107 83
107 88
107 97
107 108
107 109
107 120
107 123
107 124
107 125
107 128
107 129
107 130
108 44
108 88
108 111
108 115
108 116
108 118
108 119
108 120
108 122
108 124
108 125
108 126
108 127
108 128
108 130
109 12
109 44
109 88
109 110
109 111
109 116
109 118
109 119
109 120
109 121
109 122
109 124
109 125
109 126
109 128
110 44
110 113
110 114
110 115
110 116
110 121
110 125
110 128
111 12
111 44
111 88
111 114
111 115
111 118
111 119
111 120
111 122
111 124
111 125
111 126
111 127
111 128
111 129
111 130
112 8
112 12
112 25
112 44
112 56
112 60
112 61
112 62
112 69
112 70
112 71
112 72
112 73
112 77
112 79
112 82
112 83
112 84
112 86
112 87
112 88
112 89
112 92
112 97
112 100
112 101
112 102
112 104
112 105
112 107
112 108
112 109
112 111
112 114
112 115
112 119
112 120
112 122
112 123
112 125
112 126
112 127
112 128
112 129
112 130
112 131
112 137
112 138
112 139
112 140
112 141
112 142
112 150
112 152
113 116
113 121
114 44
114 88
114 115
114 116
114 118
114 120
114 122
114 127
114 128
115 44
115 88
115 118
115 119
115 120
115 121
115 122
115 124
115 126
115 127
115 128
115 129
115 130
116 88
116 121
116 122
116 127
116 129
117 44
117 45
117 48
117 49
117 50
117 51
117 54
117 59
117 61
117 64
117 72
117 74
117 78
117 84
117 85
117 86
117 91
117 93
117 94
117 100
117 104
117 109
117 110
117 113
117 114
117 116
117 118
117 121
117 122
117 125
117 130
117 139
117 147
118 119
118 122
118 126
119 88
119 97
119 120
119 122
119 126
119 127
119 128
119 129
119 130
120 88
120 121
120 122
120 124
120 125
120 126
120 127
120 128
121 88
121 122
121 125
121 128
122 88
122 124
122 126
122 127
122 128
122 129
122 130
123 88
123 129
123 130
124 88
124 125
124 127
124 128
124 129
124 130
125 88
125 127
125 128
125 130
126 88
126 128
126 129
126 130
127 88
127 128
127 129
127 130
128 88
128 129
128 130
129 88
129 130
130 88
131 12
131 44
131 81
131 88
131 99
131 100
131 101
131 103
131 104
131 105
131 106
131 108
131 109
131 111
131 114
131 115
131 116
131 118
131 119
131 120
131 121
131 122
131 124
131 125
131 126
131 127
131 128
132 12
132 31
132 37
132 47
132 53
132 60
132 62
132 71
132 72
132 73
132 77
132 79
132 82
132 83
132 88
132 89
132 92
132 95
132 97
132 102
132 105
132 107
132 123
132 129
132 130
132 135
132 138
132 140
132 142
132 150
132 152
133 6
133 11
133 12
133 38
133 39
133 40
133 42
133 44
133 45
133 46
133 49
133 51
133 52
133 54
133 55
133 56
133 61
133 64
133 69
133 70
133 71
133 74
133 76
133 78
133 81
133 82
133 84
133 85
133 88
133 91
133 93
133 96
133 99
133 100
133 101
133 102
133 103
133 107
133 108
133 109
133 110
133 111
133 113
133 114
133 115
133 117
133 118
133 120
133 124
133 125
133 126
133 127
133 128
133 131
133 134
133 147
133 148
134 6
134 8
134 11
134 43
134 45
134 46
134 47
134 48
134 49
134 51
134 52
134 56
134 58
134 59
134 60
134 61
134 64
134 68
134 69
134 70
134 74
134 75
134 78
134 80
134 81
134 85
134 86
134 88
134 91
134 93
134 94
134 98
134 99
134 100
134 102
134 103
134 105
134 106
134 108
134 109
134 110
134 111
134 113
134 114
134 115
134 116
134 118
134 119
134 120
134 121
134 122
134 127
134 128
134 131
134 136
134 137
134 151
134 152
135 6
135 12
135 43
135 44
135 47
135 53
135 60
135 62
135 71
135 72
135 73
135 74
135 77
135 79
135 82
135 83
135 86
135 88
135 89
135 92
135 95
135 97
135 100
135 101
135 102
135 103
135 105
135 107
135 108
135 109
135 112
135 123
135 124
135 128
135 129
135 130
135 137
135 138
135 140
135 142
135 150
135 152
136 6
136 8
136 11
136 25
136 44
136 47
136 48
136 49
136 50
136 51
136 52
136 55
136 58
136 59
136 61
136 63
136 64
136 68
136 69
136 70
136 71
136 72
136 79
136 80
136 81
136 82
136 85
136 86
136 87
136 88
136 91
136 92
136 93
136 94
136 95
136 99
136 100
136 102
136 103
136 104
136 105
136 106
136 108
136 111
136 113
136 114
136 115
136 118
136 119
136 120
136 121
136 122
136 124
136 125
136 126
136 127
136 128
136 129
136 131
136 137
136 141
136 147
136 148
136 151
137 12
137 44
137 51
137 54
137 70
137 71
137 72
137 73
137 74
137 77
137 78
137 79
137 81
137 82
137 83
137 84
137 86
137 87
137 88
137 89
137 91
137 92
137 93
137 94
137 95
137 97
137 101
137 102
137 103
137 104
137 105
137 107
137 109
137 111
137 115
137 120
137 122
137 126
137 127
137 128
137 129
137 130
137 131
137 138
137 141
137 142
137 148
137 150
137 152
138 12
138 71
138 72
138 73
138 77
138 79
138 82
138 83
138 84
138 88
138 89
138 92
138 95
138 97
138 101
138 102
138 105
138 107
138 111
138 121
138 123
138 124
138 129
138 130
138 150
138 152
139 54
139 71
139 73
139 75
139 76
139 80
139 85
139 94
139 98
139 101
139 106
139 107
139 108
139 109
139 110
139 113
139 115
139 116
139 120
139 121
139 147
139 151
140 11
140 12
140 44
140 51
140 62
140 63
140 64
140 70
140 71
140 72
140 73
140 77
140 78
140 79
140 81
140 82
140 83
140 84
140 86
140 87
140 88
140 89
140 91
140 92
140 94
140 95
140 97
140 101
140 102
140 103
140 104
140 105
140 107
140 108
140 114
140 120
140 122
140 124
140 126
140 127
140 128
140 129
140 130
140 137
140 138
140 141
140 142
140 148
140 150
140 152
141 12
141 44
141 82
141 84
141 86
141 87
141 88
141 91
141 92
141 93
141 95
141 101
141 104
141 105
141 108
141 109
141 111
141 115
141 119
141 120
141 121
141 122
141 124
141 125
141 126
141 127
141 128
141 129
141 130
141 131
141 142
141 148
141 152
142 12
142 62
142 81
142 83
142 88
142 94
142 95
142 97
142 99
142 101
142 102
142 104
142 105
142 107
142 108
142 114
142 115
142 119
142 120
142 122
142 123
142 124
142 126
142 127
142 129
142 130
142 131
142 150
143 5
143 6
143 7
143 8
143 9
143 10
143 11
143 12
143 13
143 15
143 16
143 17
143 19
143 20
143 21
143 23
143 24
143 25
143 27
143 28
143 29
143 30
143 33
143 34
143 37
143 38
143 39
143 42
143 43
143 44
143 48
143 49
143 51
143 52
143 54
143 56
143 58
143 59
143 61
143 65
143 68
143 70
143 72
143 74
143 75
143 78
143 80
143 82
143 85
143 88
143 92
143 94
143 96
143 98
143 100
143 104
143 105
143 106
143 108
143 109
143 110
143 111
143 112
143 113
143 114
143 115
143 117
143 118
143 119
143 120
143 125
143 127
143 128
143 131
143 133
143 134
143 136
143 137
143 139
143 141
143 144
143 146
143 149
143 151
143 152
144 11
144 15
144 19
144 24
144 25
144 26
144 27
144 34
144 39
144 41
144 42
144 44
144 45
144 46
144 48
144 49
144 51
144 52
144 61
144 63
144 65
144 67
144 68
144 74
144 75
144 76
144 80
144 84
144 85
144 90
144 94
144 96
144 98
144 99
144 103
144 108
144 109
144 110
144 113
144 114
144 116
144 117
144 118
144 120
144 121
144 125
144 127
144 133
144 134
144 139
144 145
144 146
144 147
144 149
144 151
145 11
145 25
145 37
145 41
145 42
145 44
145 45
145 48
145 49
145 51
145 58
145 59
145 64
145 68
145 74
145 75
145 76
145 80
145 85
145 91
145 94
145 96
145 98
145 99
145 104
145 108
145 110
145 113
145 114
145 116
145 117
145 118
145 121
145 125
145 131
145 136
145 139
145 146
145 149
145 151
146 44
146 68
146 70
146 71
146 75
146 76
146 80
146 82
146 85
146 88
146 91
146 98
146 99
146 107
146 108
146 110
146 113
146 116
146 118
146 121
146 128
146 131
146 139
146 147
146 151
147 44
147 51
147 54
147 78
147 81
147 84
147 85
147 87
147 91
147 99
147 100
147 105
147 106
147 108
147 110
147 113
147 114
147 116
147 118
147 120
147 121
147 122
147 125
147 128
147 131
147 151
148 44
148 51
148 81
148 91
148 92
148 93
148 94
148 95
148 99
148 100
148 101
148 102
148 103
148 105
148 106
148 108
148 109
148 110
148 111
148 115
148 118
148 120
148 122
148 124
148 125
148 127
148 128
148 131
149 25
149 39
149 42
149 45
149 46
149 48
149 49
149 58
149 68
149 70
149 71
149 75
149 76
149 80
149 85
149 98
149 99
149 100
149 101
149 110
149 113
149 115
149 116
149 117
149 118
149 120
149 121
149 129
149 131
149 139
149 146
149 147
149 151
150 12
150 62
150 83
150 88
150 97
150 107
150 108
150 123
150 129
150 130
151 51
151 83
151 88
151 91
151 93
151 98
151 99
151 100
151 103
151 104
151 108
151 109
151 110
151 113
151 114
151 116
151 120
151 121
151 125
151 127
151 128
151 131
152 12
152 62
152 82
152 83
152 84
152 86
152 87
152 88
152 89
152 91
152 92
152 94
152 95
152 97
152 101
152 102
152 105
152 107
152 108
152 111
152 115
152 118
152 119
152 122
152 123
152 127
152 129
152 130
152 142
152 150
